# wholly-squid.frac
type: mandelbrot
pixels: 640
iterations: 256
centerx: -0.744740098129553

# Ph'nglui mglw'nafh Cthulhu R'lyeh wgah'nagl fhtagn.

centery: 0.209610393372855
axislength: 0.00160629282219288
